ms=[];
ms(1)=1298.2445085841798;
ms(2)=3764.4604059768744;
ms(3)=1573.4581777107269;
ms(4)=433.1773831304003;
ms(5)=1137.3258253334463;
ms(6)=1319.0159239143613;
ms(7)=381.08881196962733;
ms(8)=2577.097590288517;
ms(9)=657.6099890216874;
ms(10)=482.4491535291944;
ms(11)=642.7130999534334;
ms(12)=506.503093917528;
ms(13)=862.0652098610419;
ms(14)=543.379062769405;
ms(15)=518.9512334889214;
ms(16)=442.8504409484543;
ms(17)=329.60700245521076;
ms(18)=572.8498027186617;
ms(19)=569.246322072618;
ms(20)=437.70284075556987;
ms(21)=394.02149557279716;
ms(22)=594.2939737719274;
ms(23)=533.1389963814414;
ms(24)=382.8271520373052;
ms(25)=492.0122798681392;
ms(26)=635.4771025516009;
ms(27)=439.4355806743035;
ms(28)=474.800082720212;
ms(29)=399.9034132468713;
ms(30)=505.1642757609582;
ms(31)=461.185219286218;
ms(32)=492.23033320266023;
ms(33)=547.919637372654;
ms(34)=578.8134736717083;
ms(35)=351.8795098697336;
ms(36)=370.0369701956332;
ms(37)=581.8154475125204;
ms(38)=612.2924107206419;
ms(39)=425.7221727774865;
ms(40)=462.29387003004905;
ms(41)=679.8828338089837;
ms(42)=510.3517541293812;
ms(43)=580.208934915784;
ms(44)=507.8815565423374;
ms(45)=627.8082119245418;
ms(46)=432.6113312019348;
ms(47)=336.03763558840194;
ms(48)=417.4709406217427;
ms(49)=577.3420387406819;
ms(50)=521.0585668469869;
ms(51)=446.46403357944786;
ms(52)=694.5292833003448;
ms(53)=385.00367837877525;
ms(54)=334.8805228319051;
ms(55)=450.714966964694;
ms(56)=543.9653461079549;
ms(57)=403.76306599928233;
ms(58)=623.7353778804246;
