ms=[];incomemean=[];bref=[];bnorm=[];
ms(1)=5.404009726410362E7;
incomemean(1)=17000;
bref(1)=12000;
bnorm(1)=30000;
ms(2)=4.734768931743491E7;
incomemean(2)=17000;
bref(2)=13000;
bnorm(2)=30000;
ms(3)=5.385240457007288E7;
incomemean(3)=17000;
bref(3)=12000;
bnorm(3)=31000;
ms(4)=1.7077150873775084E7;
incomemean(4)=18000;
bref(4)=12000;
bnorm(4)=30000;
ms(5)=3.054392681977266E7;
incomemean(5)=17666.666666666668;
bref(5)=12666.666666666664;
bnorm(5)=30666.666666666664;
ms(6)=1.8499671403781153E7;
incomemean(6)=18111.111111111113;
bref(6)=13111.11111111111;
bnorm(6)=29444.44444444443;
ms(7)=6977761.96277492;
incomemean(7)=18851.85185185185;
bref(7)=12185.185185185182;
bnorm(7)=30074.074074074066;
ms(8)=9151099.662443442;
incomemean(8)=19777.777777777777;
bref(8)=11777.777777777774;
bnorm(8)=30111.111111111102;
ms(9)=7737913.443613315;
incomemean(9)=18975.30864197531;
bref(9)=12197.530864197532;
bnorm(9)=29012.34567901234;
ms(10)=6709149.683217841;
incomemean(10)=19106.99588477366;
bref(10)=11144.0329218107;
bnorm(10)=29946.50205761318;
ms(11)=6725271.645948171;
incomemean(11)=19604.938271604937;
bref(11)=10160.493827160499;
bnorm(11)=30197.530864197557;
ms(12)=1.2413131673249016E7;
incomemean(12)=19956.10425240055;
bref(12)=11684.499314128938;
bnorm(12)=29355.281207133063;
ms(13)=6117425.402922615;
incomemean(13)=19467.07818930041;
bref(13)=11763.374485596705;
bnorm(13)=29516.4609053498;
ms(14)=6432821.6253924705;
incomemean(14)=19308.641975308634;
bref(14)=11197.53086419752;
bnorm(14)=30679.012345679024;
ms(15)=9408794.320668135;
incomemean(15)=19736.625514403284;
bref(15)=10551.440329218094;
bnorm(15)=30020.576131687267;
ms(16)=6164643.876080559;
incomemean(16)=19073.04526748971;
bref(16)=11776.74897119341;
bnorm(16)=30060.699588477364;
ms(17)=5935357.605494525;
incomemean(17)=19458.847736625503;
bref(17)=12014.40329218105;
bnorm(17)=30224.279835390953;
ms(18)=7267701.52399768;
incomemean(18)=19634.77366255143;
bref(18)=12449.588477366226;
bnorm(18)=30363.16872427985;
ms(19)=6744041.925416713;
incomemean(19)=19458.847736625503;
bref(19)=12014.40329218105;
bnorm(19)=30224.279835390953;
ms(20)=7390031.8219792405;
incomemean(20)=19458.847736625503;
bref(20)=12014.40329218105;
bnorm(20)=30224.279835390953;
ms(21)=6169893.598354752;
incomemean(21)=19458.847736625503;
bref(21)=13014.40329218105;
bnorm(21)=30224.279835390953;
ms(22)=6158118.897987088;
incomemean(22)=19458.847736625503;
bref(22)=12014.40329218105;
bnorm(22)=31224.279835390953;
ms(23)=2.0211316688825972E7;
incomemean(23)=20458.847736625503;
bref(23)=12014.40329218105;
bnorm(23)=30224.279835390953;
ms(24)=1.2989995429577174E7;
incomemean(24)=18458.847736625503;
bref(24)=12681.069958847715;
bnorm(24)=30890.946502057617;
ms(25)=7792476.940002534;
incomemean(25)=18958.847736625503;
bref(25)=12514.40329218105;
bnorm(25)=30724.27983539095;
ms(26)=1.3124059484694414E7;
incomemean(26)=19958.847736625507;
bref(26)=12181.069958847718;
bnorm(26)=30390.946502057617;
ms(27)=6253518.997736286;
incomemean(27)=19208.847736625503;
bref(27)=12431.069958847718;
bnorm(27)=30640.946502057617;
ms(28)=6984963.738030614;
incomemean(28)=19292.181069958835;
bref(28)=12958.847736625496;
bnorm(28)=31168.7242798354;
ms(29)=5963396.369775617;
incomemean(29)=19333.847736625503;
bref(29)=12722.736625514384;
bnorm(29)=30932.61316872428;
ms(30)=6534432.706760336;
incomemean(30)=19333.847736625503;
bref(30)=12722.736625514384;
bnorm(30)=30932.61316872428;
