ms=[];incomemean=[];bref=[];bnorm=[];
ms(1)=50000;
incomemean(1)=10000;
bref(1)=8000;
bnorm(1)=8000;
ms(2)=50000;
incomemean(2)=10000;
bref(2)=13000;
bnorm(2)=8000;
ms(3)=50000;
incomemean(3)=10000;
bref(3)=8000;
bnorm(3)=13000;
ms(4)=50000;
incomemean(4)=15000;
bref(4)=8000;
bnorm(4)=8000;
ms(5)=50000;
incomemean(5)=13333.333333333336;
bref(5)=3000;
bnorm(5)=11333.333333333332;
ms(6)=50000;
incomemean(6)=15555.555555555558;
bref(6)=4666.666666666668;
bnorm(6)=5222.222222222219;
