ms=[];incomemean=[];bref=[];bnorm=[];
ms(1)=5.390800984364039E8;
incomemean(1)=10000;
bref(1)=5000;
bnorm(1)=5000;
ms(2)=4.586893883780778E77;
incomemean(2)=10000;
bref(2)=7000;
bnorm(2)=5000;
ms(3)=5.2011000850936294E8;
incomemean(3)=10000;
bref(3)=5000;
bnorm(3)=7000;
