ms=[];incomemean=[];bref=[];bnorm=[];
ms(1)=4.9919452303093284E7;
incomemean(1)=17000;
bref(1)=12000;
bnorm(1)=30000;
ms(2)=5.7012777108135425E7;
incomemean(2)=17000;
bref(2)=13000;
bnorm(2)=30000;
ms(3)=5.3320148220151074E7;
incomemean(3)=17000;
bref(3)=12000;
bnorm(3)=31000;
ms(4)=1.702727759637888E7;
incomemean(4)=18000;
bref(4)=12000;
bnorm(4)=30000;
ms(5)=2.9510919665535867E7;
incomemean(5)=17666.666666666668;
bref(5)=11000;
bnorm(5)=30666.666666666664;
ms(6)=1.598572414962593E7;
incomemean(6)=18111.111111111113;
bref(6)=11333.333333333332;
bnorm(6)=29444.44444444443;
ms(7)=7319578.947365036;
incomemean(7)=18666.66666666668;
bref(7)=11000;
bnorm(7)=28666.66666666665;
ms(8)=6717917.790463316;
incomemean(8)=19222.22222222223;
bref(8)=10666.666666666664;
bnorm(8)=29555.55555555554;
ms(9)=1.7600641445411105E7;
incomemean(9)=20333.33333333335;
bref(9)=9999.999999999996;
bnorm(9)=29333.33333333332;
ms(10)=7670458.2904574;
incomemean(10)=19592.592592592606;
bref(10)=11444.444444444442;
bnorm(10)=28148.148148148124;
ms(11)=1.5061448489061449E7;
incomemean(11)=20320.987654321016;
bref(11)=10074.074074074073;
bnorm(11)=27580.246913580202;
ms(12)=7225229.299254026;
incomemean(12)=19740.74074074076;
bref(12)=10555.555555555555;
bnorm(12)=28185.185185185153;
ms(13)=5862966.634919959;
incomemean(13)=18827.160493827178;
bref(13)=10037.03703703704;
bnorm(13)=29456.790123456754;
ms(14)=9535280.682240674;
incomemean(14)=18444.444444444467;
bref(14)=9333.333333333341;
bnorm(14)=30111.11111111108;
ms(15)=9139668.026264649;
incomemean(15)=19860.08230452677;
bref(15)=9839.506172839509;
bnorm(15)=29465.020576131625;
ms(16)=6816507.312202484;
incomemean(16)=18965.0205761317;
bref(16)=10709.876543209877;
bnorm(16)=28866.255144032893;
ms(17)=1.3585549797864797E7;
incomemean(17)=18268.86145404665;
bref(17)=10386.831275720171;
bnorm(17)=30400.548696844955;
ms(18)=6249285.6313119475;
incomemean(18)=19372.770919067232;
bref(18)=10513.374485596709;
bnorm(18)=28739.026063100104;
ms(19)=6567506.0069995895;
incomemean(19)=19316.415180612727;
bref(19)=10101.508916323735;
bnorm(19)=29634.659350708673;
ms(20)=8507799.296947667;
incomemean(20)=18827.160493827178;
bref(20)=10037.03703703704;
bnorm(20)=29456.790123456754;
ms(21)=8640899.097921744;
incomemean(21)=18827.160493827178;
bref(21)=10037.03703703704;
bnorm(21)=29456.790123456754;
ms(22)=7858073.975864844;
incomemean(22)=18827.160493827178;
bref(22)=11037.03703703704;
bnorm(22)=29456.790123456754;
ms(23)=7955151.5232751975;
incomemean(23)=18827.160493827178;
bref(23)=10037.03703703704;
bnorm(23)=30456.790123456754;
ms(24)=7838743.322737709;
incomemean(24)=19827.160493827178;
bref(24)=10037.03703703704;
bnorm(24)=29456.790123456754;
ms(25)=1.1672015350766163E7;
incomemean(25)=19827.160493827178;
bref(25)=10037.03703703704;
bnorm(25)=29456.790123456754;
