ms=[];incomemean=[];bref=[];bnorm=[];
ms(1)=1387.021905115181;
incomemean(1)=13000;
bref(1)=10000;
bnorm(1)=34000;
ms(2)=4080.96892000459;
incomemean(2)=13000;
bref(2)=11000;
bnorm(2)=34000;
ms(3)=871.0845917570449;
incomemean(3)=13000;
bref(3)=10000;
bnorm(3)=35000;
ms(4)=415.6657900949102;
incomemean(4)=14000;
bref(4)=10000;
bnorm(4)=34000;
ms(5)=657.5641875454855;
incomemean(5)=13666.666666666664;
bref(5)=9000;
bnorm(5)=34666.666666666664;
ms(6)=810.6854226976075;
incomemean(6)=14111.11111111111;
bref(6)=9333.333333333336;
bnorm(6)=35111.1111111111;
ms(7)=4289.710633990902;
incomemean(7)=14851.851851851847;
bref(7)=8888.88888888889;
bnorm(7)=34185.18518518517;
ms(8)=356.44380267746055;
incomemean(8)=13462.962962962962;
bref(8)=9722.222222222223;
bnorm(8)=34796.29629629629;
ms(9)=490.090259628457;
incomemean(9)=13308.641975308641;
bref(9)=9814.814814814814;
bnorm(9)=33864.1975308642;
