ms=[];
ms(1)=1814.378109625778;
ms(2)=3017.991981726573;
ms(3)=1298.8540150311308;
