ms=[];incomemean=[];bref=[];bnorm=[];
ms(1)=5.48136029140366E8;
incomemean(1)=10000;
bref(1)=5000;
bnorm(1)=5000;
ms(2)=8.12680079698746E77;
incomemean(2)=10000;
bref(2)=7000;
bnorm(2)=5000;
ms(3)=5.2526647574394995E8;
incomemean(3)=10000;
bref(3)=5000;
bnorm(3)=7000;
ms(4)=3.9539637374531364E8;
incomemean(4)=12000;
bref(4)=5000;
bnorm(4)=5000;
ms(5)=4.273947672324635E8;
incomemean(5)=11333.333333333336;
bref(5)=3000;
bnorm(5)=6333.333333333334;
ms(6)=3.525757147503667E8;
incomemean(6)=12222.222222222226;
bref(6)=3666.666666666668;
bnorm(6)=7222.222222222224;
ms(7)=2.5604125062022373E8;
incomemean(7)=13333.333333333343;
bref(7)=3000.0000000000027;
bnorm(7)=8333.333333333338;
ms(8)=1.759623017214184E8;
incomemean(8)=14444.444444444453;
bref(8)=2333.3333333333358;
bnorm(8)=6111.111111111115;
ms(9)=5.4722002029378146E7;
incomemean(9)=16666.66666666668;
bref(9)=1000.0000000000045;
bnorm(9)=5666.666666666673;
ms(10)=6.495936248808676E7;
incomemean(10)=16666.66666666668;
bref(10)=2230;
bnorm(10)=6333.333333333343;
