ms=[];
ms(1)=1628.1755206918651;
ms(2)=3636.2972113467595;
ms(3)=1484.8048082903026;
ms(4)=412.9179118675043;
ms(5)=807.3967168905801;
ms(6)=953.6017514145663;
