ms=[];incomemean=[];bref=[];bnorm=[];
ms(1)=50000;
incomemean(1)=17000;
bref(1)=12000;
bnorm(1)=30000;
ms(2)=50000;
incomemean(2)=17000;
bref(2)=13000;
bnorm(2)=30000;
ms(3)=50000;
incomemean(3)=17000;
bref(3)=12000;
bnorm(3)=31000;
ms(4)=50000;
incomemean(4)=18000;
bref(4)=12000;
bnorm(4)=30000;
ms(5)=50000;
incomemean(5)=17666.666666666668;
bref(5)=12666.666666666664;
bnorm(5)=30666.666666666664;
ms(6)=50000;
incomemean(6)=18111.111111111113;
bref(6)=11444.444444444445;
bnorm(6)=31111.111111111102;
ms(7)=50000;
incomemean(7)=18666.66666666668;
bref(7)=10666.666666666672;
bnorm(7)=31666.666666666657;
ms(8)=50000;
incomemean(8)=19222.22222222223;
bref(8)=11555.555555555555;
bnorm(8)=30555.55555555554;
ms(9)=50000;
incomemean(9)=20333.33333333335;
bref(9)=11333.333333333334;
bnorm(9)=30333.333333333314;
ms(10)=50000;
incomemean(10)=19592.592592592606;
bref(10)=10148.148148148153;
bnorm(10)=30814.814814814796;
ms(11)=50000;
incomemean(11)=20320.987654321016;
bref(11)=9580.246913580253;
bnorm(11)=32024.691358024655;
ms(12)=50000;
incomemean(12)=19740.74074074076;
bref(12)=10185.18518518519;
bnorm(12)=31518.51851851849;
ms(13)=50000;
incomemean(13)=20370.37037037039;
bref(13)=10592.592592592595;
bnorm(13)=30259.259259259205;
ms(14)=50000;
incomemean(14)=19092.592592592606;
bref(14)=10648.148148148153;
bnorm(14)=31314.814814814796;
ms(15)=50000;
incomemean(15)=18864.1975308642;
bref(15)=11382.716049382718;
bnorm(15)=30271.604938271572;
ms(16)=50000;
incomemean(16)=19083.33333333334;
bref(16)=11083.333333333336;
bnorm(16)=30583.333333333307;
ms(17)=50000;
incomemean(17)=18672.83950617285;
bref(17)=12043.20987654321;
bnorm(17)=30820.987654320954;
ms(18)=50000;
incomemean(18)=19362.65432098767;
bref(18)=10621.913580246917;
bnorm(18)=30816.358024691333;
